$ 1 0.000005 9.001713130052181 50 5 43
v -304 224 -304 320 0 1 60 179.6 0 0 0.5
w -304 224 -160 224 0
w -304 320 -160 320 0
w -160 224 -160 256 0
w -160 288 -160 320 0
w -96 256 -96 224 0
w -96 224 -16 224 0
w -96 288 -96 320 0
w -96 320 -16 320 0
d -48 272 -16 320 2 default
d -48 272 -16 224 2 default
d -16 224 16 272 2 default
d -16 320 16 272 2 default
w 16 272 80 272 0
w -48 272 -64 272 0
w -64 272 -64 384 0
w -64 384 80 384 0
c 80 272 80 384 0 0.00033 19.24916336072913
g 80 384 80 416 0
T -160 256 -96 288 0 4 0.121 -0.11228970210031199 -1.3877787807814457e-17 0.999
w 80 272 192 272 0
w 80 384 192 384 0
r 192 384 192 320 0 1000
162 192 272 192 320 2 default-led 1 0 0 0.01
w 192 272 272 272 0
r 272 272 272 320 0 1800
w 192 384 272 384 0
34 zvoltage\q13 0 1.7143528192808883e-7 0 2 13
z 272 384 272 320 2 zvoltage\q13
w 272 272 416 272 0
w 272 320 336 320 0
w 272 384 272 448 0
r 336 384 336 448 0 2200
w 272 448 336 448 0
174 336 320 368 384 1 5000 0.005 Resistance
t 384 368 416 368 0 1 -6.369941177930265 0.7147710497224207 100
w 336 448 512 448 0
w 416 272 416 352 0
w 416 384 464 384 0
r 512 384 512 448 0 120
w 368 352 384 368 0
p 560 384 560 448 1 0
w 512 384 560 384 0
w 560 448 512 448 0
370 464 384 512 384 1 0
o 13 64 0 4099 40 3.2 0 2 13 3
o 6 64 0 4099 40 3.2 1 2 6 3
o 38 64 0 4099 20 0.2 2 2 38 3
o 24 64 0 4099 40 0.2 3 2 24 3
o 17 64 0 4099 40 3.2 4 2 17 3
